24 ; rows
31 ; cols
0.2984029948711395 0.34977900981903076 0.3687170147895813 0.3807559907436371 0.39623400568962097 0.4165950119495392 0.45177701115608216 0.5035169720649719 0.5653970241546631 0.6088730096817017 0.6297910213470459 0.6287410259246826 0.6171979904174805 0.5976099967956543 0.5688400268554688 0.5284850001335144 0.4815720021724701 0.43258601427078247 0.3840689957141876 0.3305659890174866 0.2814039885997772 0.25055399537086487 0.23655399680137634 0.22965799272060394 0.22439000010490418 0.21994200348854065 0.22529399394989014 0.23807500302791596 0.2536650002002716 0.2662140130996704 0.27633801102638245 
0.38517099618911743 0.47185298800468445 0.49331599473953247 0.4971359968185425 0.48820599913597107 0.4761579930782318 0.46377500891685486 0.44507598876953125 0.4210970103740692 0.3969759941101074 0.3743790090084076 0.3437960147857666 0.29530200362205506 0.25080999732017517 0.22979900240898132 0.2276809960603714 0.2199999988079071 0.21469900012016296 0.22822800278663635 0.24701200425624848 0.25984999537467957 0.2696869969367981 0.266512006521225 0.267985999584198 0.2847670018672943 0.32862499356269837 0.39173099398612976 0.45540300011634827 0.49943000078201294 0.5238440036773682 0.5342609882354736 
0.048441000282764435 0.047501999884843826 0.0487699992954731 0.05069899931550026 0.05159600079059601 0.05488000065088272 0.05919099971652031 0.06205400079488754 0.0648379996418953 0.06767500191926956 0.07562100142240524 0.104653000831604 0.15880900621414185 0.19167299568653107 0.18810899555683136 0.1652819961309433 0.14081799983978272 0.12857100367546082 0.12537699937820435 0.11681599915027619 0.10516300052404404 0.09797599911689758 0.09804899990558624 0.10066699981689453 0.09811700135469437 0.09501499682664871 0.09521699696779251 0.10176800191402435 0.12430699914693833 0.1757889986038208 0.26274099946022034 
0.31026598811149597 0.36780500411987305 0.3799470067024231 0.3812139928340912 0.37482699751853943 0.369255006313324 0.361175000667572 0.34713199734687805 0.3296020030975342 0.3071399927139282 0.2894740104675293 0.2709850072860718 0.24899299442768097 0.23083999752998352 0.2202720046043396 0.21273499727249146 0.2028300017118454 0.19114500284194946 0.18222500383853912 0.17498700320720673 0.168722003698349 0.16250599920749664 0.15378500521183014 0.14504200220108032 0.1372700035572052 0.12991300225257874 0.12492900341749191 0.12078599631786347 0.11716700345277786 0.11548099666833878 0.11484699696302414 
0.21353599429130554 0.2251109927892685 0.22526699304580689 0.2263689935207367 0.23389500379562378 0.2453089952468872 0.26549801230430603 0.2900429964065552 0.31524500250816345 0.32424700260162354 0.3322739899158478 0.3539229929447174 0.35486599802970887 0.32760199904441834 0.31948399543762207 0.33029499650001526 0.3253459930419922 0.3354780077934265 0.3984909951686859 0.48434698581695557 0.549875020980835 0.5874699950218201 0.6052020192146301 0.6193860173225403 0.6281560063362122 0.6385539770126343 0.6542360186576843 0.6722990274429321 0.6927459836006165 0.7171679735183716 0.7430409789085388 
0.06828899681568146 0.06963899731636048 0.06564199924468994 0.05977100133895874 0.053240999579429626 0.050335999578237534 0.04910000041127205 0.04945899918675423 0.051430001854896545 0.054552000015974045 0.05865899845957756 0.0635489970445633 0.06926199793815613 0.07361599802970886 0.07643300294876099 0.0798259973526001 0.08735799789428711 0.10212499648332596 0.12040200084447861 0.1363299936056137 0.14756900072097778 0.1565299928188324 0.1648399978876114 0.17518900334835053 0.18724900484085083 0.20211899280548096 0.22197000682353974 0.2437720000743866 0.264147013425827 0.28536298871040345 0.3089579939842224 
0.07033699750900269 0.07298699766397476 0.06794799864292145 0.06387799978256226 0.06809200346469879 0.06839600205421448 0.07118300348520279 0.081727996468544 0.09595700353384018 0.11316800117492676 0.1324169933795929 0.15821300446987152 0.20788399875164032 0.29290100932121277 0.3934609889984131 0.4751330018043518 0.532027006149292 0.5776020288467407 0.6130819916725159 0.63850998878479 0.656374990940094 0.6711350083351135 0.681734025478363 0.6932569742202759 0.7046319842338562 0.7115780115127564 0.7203050255775452 0.7282649874687195 0.7343400120735169 0.7377229928970337 0.7453060150146484 
0.0671209990978241 0.06399399787187576 0.06094900146126747 0.06608200073242188 0.06915099918842316 0.07859999686479569 0.08961000293493271 0.11154700070619583 0.14366500079631806 0.19325199723243713 0.27789801359176636 0.397022008895874 0.49983400106430054 0.552137017250061 0.5670220255851746 0.5587769746780396 0.5393660068511963 0.5165500044822693 0.4838689863681793 0.4417099952697754 0.3952690064907074 0.36242198944091797 0.34806299209594727 0.3420009911060333 0.33850398659706116 0.3349809944629669 0.3443019986152649 0.3642500042915344 0.38603800535202027 0.4041469991207123 0.4183489978313446 
0.19935700297355652 0.2110379934310913 0.20779399573802948 0.19336499273777008 0.17273999750614166 0.15103599429130554 0.12848199903964996 0.1097249984741211 0.0945729985833168 0.08217599987983704 0.07275000214576721 0.06724700331687927 0.06321199983358383 0.05962599813938141 0.057583998888731 0.05716099962592125 0.05849500000476837 0.05894700065255165 0.05720600113272667 0.05745000019669533 0.06434299796819687 0.081666000187397 0.11070100218057633 0.1471569985151291 0.18057799339294434 0.2070460021495819 0.23330700397491455 0.26124799251556397 0.2901889979839325 0.3201160132884979 0.35387900471687317 
0.16507799923419953 0.16097499430179596 0.1537649929523468 0.14415200054645538 0.14136099815368652 0.13913699984550476 0.13429999351501465 0.13489599525928497 0.12862500548362732 0.11645500361919403 0.11011800169944763 0.10893499851226807 0.10165999829769135 0.0954200029373169 0.09907600283622742 0.11223399639129639 0.12039799988269806 0.12403500080108643 0.16945700347423554 0.2920779883861542 0.4443730115890503 0.5610340237617493 0.6222320199012756 0.6513879895210266 0.6634079813957214 0.6687269806861877 0.6705459952354431 0.6740739941596985 0.6754720211029053 0.6758819818496704 0.6783559918403626 
0.2808550000190735 0.33899399638175965 0.3650580048561096 0.3846150040626526 0.4036090075969696 0.41585299372673035 0.40164101123809815 0.37374401092529297 0.32968398928642273 0.2718009948730469 0.2230840027332306 0.18601100146770477 0.15369300544261932 0.13549600541591644 0.12750500440597534 0.11881600320339203 0.10640499740839005 0.09929800033569336 0.09877999871969223 0.10178399831056595 0.10318700224161148 0.1018190011382103 0.1014299988746643 0.10678700357675553 0.11818999797105789 0.13222099840641022 0.1456259936094284 0.14978599548339844 0.14245299994945526 0.13564899563789368 0.13577799499034882 
0.05770000070333481 0.06673000007867813 0.05832400172948837 0.05697299912571907 0.057698000222444534 0.05668500065803528 0.057284001260995865 0.057909999042749405 0.06099100038409233 0.06171099841594696 0.06621800363063812 0.07479199767112732 0.09327799826860428 0.1290840059518814 0.18621200323104859 0.2548539936542511 0.3347010016441345 0.43023398518562317 0.5119730234146118 0.5666319727897644 0.6000999808311462 0.6208710074424744 0.6365309953689575 0.6513879895210266 0.6617079973220825 0.6711990237236023 0.6801769733428955 0.6881089806556702 0.6962260007858276 0.7009819746017456 0.7084659934043884 
0.23476099967956543 0.2692840099334717 0.2941020131111145 0.31589600443840027 0.35127100348472595 0.3870199918746948 0.43026599287986756 0.47865599393844605 0.503853976726532 0.5001090168952942 0.47785401344299317 0.4339959919452667 0.37560200691223145 0.31487399339675904 0.2558160126209259 0.20106300711631775 0.15410399436950684 0.123260997235775 0.1061599999666214 0.0953880026936531 0.08644700050354004 0.08115699887275696 0.07876600325107575 0.0784740000963211 0.07829199731349945 0.07954700291156769 0.082007996737957 0.08364599943161011 0.08335799723863602 0.08192399889230728 0.07910899817943573 
0.3358980119228363 0.38317200541496277 0.3878850042819977 0.379256010055542 0.3577759861946106 0.32382598519325257 0.29186299443244934 0.26361599564552307 0.23133400082588196 0.19825300574302673 0.17618100345134735 0.15723299980163574 0.12979300320148468 0.10907699912786484 0.10461000353097916 0.10903699696063996 0.10746300220489502 0.11449400335550308 0.14972299337387085 0.2255769968032837 0.3324359953403473 0.4476810097694397 0.5532010197639465 0.6404939889907837 0.6988109946250916 0.7300410270690918 0.7530120015144348 0.7677599787712097 0.7718369960784912 0.7780609726905823 0.7854369878768921 
0.06887800246477127 0.06287100166082382 0.06214100122451782 0.06157800182700157 0.06359200179576874 0.06524299830198288 0.0684870034456253 0.0792590007185936 0.11305399984121323 0.18286000192165375 0.29724401235580445 0.421519011259079 0.5238170027732849 0.600229024887085 0.6538299918174744 0.6897010207176209 0.718284010887146 0.748100996017456 0.7735850214958191 0.7893080115318298 0.8001989722251892 0.8077470064163208 0.8162140250205994 0.8266429901123047 0.8355990052223206 0.8395059704780579 0.8469880223274231 0.852849006652832 0.8539159893989563 0.8582360148429871 0.8593140244483948 
0.059703998267650604 0.05595900118350983 0.05156699940562248 0.05188300088047981 0.05310500040650368 0.05087999999523163 0.05142199993133545 0.04955200105905533 0.0490729995071888 0.047391001135110855 0.047756001353263855 0.048037998378276825 0.04848099872469902 0.05000799894332886 0.05070199817419052 0.05317600071430206 0.057822998613119125 0.06709499657154083 0.08090999722480774 0.1160380020737648 0.200996994972229 0.33481600880622864 0.49239999055862427 0.6281430125236511 0.7085809707641602 0.7473250031471252 0.7746989727020264 0.7919589877128601 0.8012049794197083 0.8123180270195007 0.818664014339447 
0.06250900030136109 0.06124500185251236 0.06261999905109406 0.06223199889063835 0.06658799946308136 0.07175099849700928 0.08209899812936783 0.095490001142025 0.1173890009522438 0.14486899971961975 0.18533499538898468 0.24828200042247772 0.3270539939403534 0.36948901414871216 0.3698579967021942 0.34159499406814575 0.2983829975128174 0.2511399984359741 0.20682600140571594 0.16415099799633026 0.12536099553108215 0.0994739979505539 0.08641199767589569 0.08006200194358826 0.07646600157022476 0.07275699824094773 0.07180699706077576 0.07322400063276291 0.07560200244188309 0.08061199635267258 0.08586099743843079 
0.18032599985599518 0.22164499759674072 0.2533479928970337 0.28320199251174927 0.31736600399017334 0.34722501039505005 0.34433498978614807 0.3108519911766052 0.25325098633766175 0.18471600115299225 0.131398007273674 0.09475599974393845 0.07242300361394882 0.0609080009162426 0.054992999881505966 0.05061100050806999 0.04779199883341789 0.046289000660181046 0.04569900035858154 0.04534599930047989 0.04502199962735176 0.04507900029420853 0.045416999608278275 0.04653700068593025 0.0477060005068779 0.04893000051379204 0.050964001566171646 0.05280999839305878 0.05455600097775459 0.05663299933075905 0.06058700010180473 
0.03679899871349335 0.036952000111341476 0.03675299882888794 0.03716700151562691 0.03665199875831604 0.036681998521089554 0.03646500036120415 0.0365619994699955 0.0364300012588501 0.036378998309373856 0.03644099831581116 0.03654100000858307 0.03654000163078308 0.03646000102162361 0.036646999418735504 0.036511000245809555 0.03683900088071823 0.03690300136804581 0.03708700090646744 0.03733000159263611 0.037546999752521515 0.037751998752355576 0.03800300136208534 0.038182999938726425 0.03852799907326698 0.038770999759435654 0.039191000163555145 0.039604999125003815 0.040098998695611954 0.04047200083732605 0.04088100045919418 
0.09179099649190903 0.09394299983978272 0.09429199993610382 0.09698700159788132 0.09859500080347061 0.09970299899578095 0.09831299632787705 0.09811700135469437 0.09735900163650513 0.09672799706459046 0.09760700166225434 0.09834899753332138 0.09873399883508682 0.0990699976682663 0.09942299872636795 0.09912300109863281 0.09905199706554413 0.0988750010728836 0.0988750010728836 0.09845700114965439 0.09792999923229218 0.09728199988603592 0.0963520035147667 0.09592799842357636 0.09509299695491791 0.0942310020327568 0.09353700280189514 0.09339900314807892 0.09266100078821182 0.09240700304508209 0.09208200126886368 
0.19128000736236572 0.20666900277137756 0.20764699578285217 0.21166099607944489 0.21577699482440949 0.2183849960565567 0.216839000582695 0.2162349969148636 0.2144249975681305 0.2138880044221878 0.2151550054550171 0.21633000671863556 0.21713100373744965 0.2173510044813156 0.2183849960565567 0.21828599274158478 0.21795199811458588 0.21829499304294586 0.21884100139141083 0.2175530046224594 0.21706199645996094 0.21524299681186676 0.2135169953107834 0.2124830037355423 0.2108049988746643 0.2082359939813614 0.20638200640678406 0.20569199323654175 0.20405200123786926 0.20265400409698486 0.20211400091648102 
0.3189319968223572 0.372422993183136 0.3804520070552826 0.3870750069618225 0.39321601390838623 0.3973489999771118 0.39730700850486756 0.3965890109539032 0.39413198828697205 0.39416900277137757 0.39551299810409546 0.397706001996994 0.3982279896736145 0.398063987493515 0.4010089933872223 0.40040498971939087 0.40050598978996277 0.40059199929237366 0.401856005191803 0.4008510112762451 0.40015101432800293 0.3997569978237152 0.3959310054779053 0.3946309983730316 0.3919070065021515 0.3882940113544464 0.38565000891685486 0.38545501232147217 0.3834100067615509 0.3811280131340027 0.3801499903202057 
0.43715599179267884 0.5856959819793701 0.6222400069236755 0.6324750185012817 0.6384990215301514 0.6392809748649597 0.6361240148544312 0.638198971748352 0.6358190178871155 0.6333180069923401 0.6341969966888428 0.6352289915084839 0.6344299912452698 0.6341599822044373 0.6356890201568604 0.6355599761009216 0.6352720260620117 0.6364709734916687 0.6406069993972778 0.638297975063324 0.6380620002746582 0.6383500099182129 0.6365759968757629 0.6348990201950073 0.6332330107688904 0.6304349899291992 0.627236008644104 0.6284580230712891 0.6280580163002014 0.6255069971084595 0.6230739951133728 
0.4992139935493469 0.7551550269126892 0.8823369741439819 0.9174330234527588 0.9239259958267212 0.9324960112571716 0.9354590177536011 0.938198983669281 0.9411979913711548 0.9405739903450012 0.94336998462677 0.944953978061676 0.9451479911804199 0.944229006767273 0.9459260106086731 0.9480429887771607 0.9469029903411865 0.9484900236129761 0.9555680155754089 0.9537230134010315 0.9530540108680725 0.9538829922676086 0.9565010070800781 0.9583889842033386 0.9573829770088196 0.9598659873008728 0.9605690240859985 0.9604740142822266 0.9633030295372009 0.9631400108337402 0.9627370238304138 
