9.000000318337698E-6 9.200000204145909E-5 6.900000153109431E-5 
2.099999983329326E-5 5.2999999752501026E-5 6.199999916134402E-5 
1.4000000192027074E-5 1.0599999950500205E-4 6.500000017695129E-5 
1.2000000424450264E-5 5.6000000768108294E-5 8.70000003487803E-5 
0.0 6.399999983841554E-5 1.0800000018207357E-4 
0.0 6.70000008540228E-5 6.600000051548705E-5 
6.299999949987978E-5 7.79999973019585E-5 4.5000000682193786E-5 
7.000000096013537E-6 7.100000220816583E-5 7.699999696342275E-5 
4.999999873689376E-6 5.199999941396527E-5 3.7999998312443495E-5 
9.999999747378752E-6 5.700000110664405E-5 3.9999998989515007E-5 
2.300000051036477E-5 5.500000042957254E-5 8.600000001024455E-5 
0.0 6.70000008540228E-5 6.299999949987978E-5 
3.7000001611886546E-5 3.9999998989515007E-5 7.500000356230885E-5 
4.999999873689376E-6 7.699999696342275E-5 6.500000017695129E-5 
1.700000029813964E-5 6.600000051548705E-5 5.500000042957254E-5 
0.0 5.700000110664405E-5 8.600000001024455E-5 
9.000000318337698E-6 6.900000153109431E-5 1.0399999882793054E-4 
3.5000000934815034E-5 7.300000288523734E-5 1.0199999815085903E-4 
5.199999941396527E-5 5.400000009103678E-5 1.0199999815085903E-4 
4.400000034365803E-5 6.199999916134402E-5 1.1300000187475234E-4 
4.8999998398358E-5 5.2999999752501026E-5 1.3299999409355223E-4 
6.0999998822808266E-5 5.2999999752501026E-5 1.630000042496249E-4 
1.0299999848939479E-4 6.900000153109431E-5 1.7899999511428178E-4 
7.999999797903001E-5 9.200000204145909E-5 2.3099999816622585E-4 
1.5900000289548189E-4 9.600000339560211E-5 2.4399999529123306E-4 
1.6799999866634607E-4 8.199999865610153E-5 2.859999949578196E-4 
2.0799999765586108E-4 1.5100000018719584E-4 3.420000139158219E-4 
2.730000123847276E-4 1.3800000306218863E-4 3.87999985832721E-4 
3.3099998836405575E-4 1.4699999883305282E-4 4.959999932907522E-4 
4.459999909158796E-4 1.8899999849963933E-4 5.789999850094318E-4 
5.329999839887023E-4 1.9799999427050352E-4 6.670000148005784E-4 
6.089999806135893E-4 2.589999930933118E-4 7.769999792799354E-4 
7.559999939985573E-4 3.0399998649954796E-4 9.679999784566462E-4 
9.919999865815044E-4 3.3400001120753587E-4 0.0010639999527484179 
0.0011050000321120024 3.9400000241585076E-4 0.0013040000339969993 
0.0013470000121742487 5.26999996509403E-4 0.001474000047892332 
0.0014799999771639705 5.619999719783664E-4 0.0016560000367462635 
0.0017509999452158809 6.699999794363976E-4 0.0019290000200271607 
0.0019940000493079424 8.580000139772892E-4 0.002208000048995018 
0.00227600010111928 9.919999865815044E-4 0.0024480000138282776 
0.002555999904870987 0.0011990000493824482 0.0027230000123381615 
0.002968000015243888 0.0013409999664872885 0.003102000104263425 
0.0032599999103695155 0.001576000009663403 0.0034030000679194928 
0.003751999931409955 0.0017640000442042947 0.0037990000564604998 
0.0041069998405873776 0.002061000093817711 0.00419300002977252 
0.004610999953001738 0.0023429999127984047 0.004621000029146671 
0.0051299999468028546 0.002650999929755926 0.005107999779284 
0.0056039998307824135 0.002968000015243888 0.005557000171393156 
0.006411000154912472 0.0036830001045018435 0.006266999989748001 
0.006864000111818314 0.004122000187635422 0.006897000130265951 
0.007493000011891127 0.004525000229477882 0.0074629997834563255 
0.008337999694049359 0.0051460000686347485 0.008059999905526638 
0.008810999803245068 0.005607000086456537 0.008701999671757222 
0.009681999683380127 0.006126999855041504 0.009367000311613083 
0.01040400005877018 0.006763999816030264 0.010127999819815159 
0.011087999679148198 0.007412999868392944 0.010975999757647515 
0.012013000436127186 0.00798999983817339 0.011591999791562558 
0.012764000333845616 0.008816000074148178 0.012439999729394913 
0.01374099962413311 0.009460999630391598 0.01321600005030632 
0.014615999534726143 0.01029799971729517 0.014150000177323819 
0.01572900079190731 0.011099999770522118 0.015042999759316445 
0.016736000776290894 0.011955000460147858 0.015974000096321106 
0.017849000170826912 0.01286999974399805 0.017085999250411988 
0.018783999606966973 0.013748000375926495 0.018045000731945038 
0.02022000029683113 0.015220999717712403 0.019652999937534333 
0.021431000903248787 0.0161920003592968 0.020563999190926552 
0.02240700088441372 0.017224999144673348 0.021774999797344208 
0.023889999836683274 0.018595999106764794 0.0230919998139143 
0.025191999971866608 0.019751999527215958 0.024157000705599785 
0.02634900063276291 0.020938999950885773 0.025349000468850136 
0.0276040006428957 0.022105000913143158 0.026791999116539955 
0.029002999886870384 0.023353999480605126 0.02809000015258789 
0.030803000554442406 0.024644000455737114 0.029291000217199326 
0.03220200166106224 0.026068000122904778 0.03085000067949295 
0.033619001507759094 0.027388999238610268 0.03212900087237358 
0.035262998193502426 0.028906000778079033 0.03358199819922447 
0.036802999675273895 0.030237000435590744 0.03516099974513054 
0.03842899948358536 0.03178500011563301 0.03656499832868576 
0.03996900096535683 0.03340600058436394 0.038182999938726425 
0.04162999987602234 0.03511900082230568 0.0396450012922287 
0.044078998267650604 0.0377499982714653 0.041940998286008835 
0.04596799984574318 0.0393499992787838 0.04370399937033653 
0.04738499969244003 0.04112499952316284 0.045244000852108 
0.04930900037288666 0.04295099899172783 0.04686199873685837 
0.051146000623703 0.04472700133919716 0.04878000169992447 
0.053279999643564224 0.046553000807762146 0.05062999948859215 
0.055011000484228134 0.048493001610040665 0.052664000540971756 
0.057057999074459076 0.05042300000786781 0.05453300103545189 
0.05903400108218193 0.05238400027155876 0.05646999925374985 
0.061448000371456146 0.05437599867582321 0.0585240013897419 
0.06316199898719788 0.05634700134396553 0.06034500151872635 
0.06554099917411804 0.05885399878025055 0.06257300078868866 
0.06783299893140793 0.060795001685619354 0.06473299860954285 
0.06966900080442429 0.06282799690961838 0.06676699966192246 
0.07224100083112717 0.06523200124502182 0.06893599778413773 
0.07474199682474137 0.06752300262451172 0.0709410011768341 
0.07771600037813187 0.07087700068950653 0.07416699826717377 
0.08000700175762177 0.07302399724721909 0.07657899707555771 
0.08257800340652466 0.07533500343561173 0.0789709985256195 
0.08516699820756912 0.0779459998011589 0.08117999881505966 
0.08770299702882767 0.08047500252723694 0.08377599716186524 
0.08992499858140946 0.08313699811697006 0.08605200052261353 
0.09233900159597397 0.08539699763059616 0.08867699652910233 
0.09527699649333954 0.08809100091457367 0.09104999899864197 
0.09818100184202194 0.09088800102472305 0.0938979983329773 
0.10111899673938751 0.0936020016670227 0.0964450016617775 
0.1029909998178482 0.09628500044345856 0.09909000247716904 
0.106174997985363 0.09926699846982956 0.10180199891328812 
0.10925299674272537 0.10193999856710434 0.10473699867725373 
0.11199899762868881 0.1048709973692894 0.10714799910783768 
0.1147800013422966 0.10778100043535233 0.11009299755096436 
0.11777199804782868 0.11100099980831146 0.1131339967250824 
0.12233699858188629 0.11600600183010102 0.11721199750900269 
0.12520599365234375 0.11914300173521042 0.11983700096607208 
0.12805700302124024 0.12246599793434143 0.12293700128793717 
0.13171200454235077 0.12562400102615357 0.12635600566864014 
0.1347379982471466 0.12831799685955048 0.12922300398349762 
0.13797399401664734 0.1318580061197281 0.13241000473499298 
0.1409830003976822 0.1349329948425293 0.13524800539016724 
0.14413200318813324 0.13864800333976746 0.13863800466060639 
0.14801500737667084 0.14156900346279144 0.14201900362968445 
0.1510230004787445 0.14496399462223053 0.1452929973602295 
0.15506400167942047 0.14854499697685242 0.14848899841308594 
0.15819500386714935 0.15208500623703003 0.15202400088310242 
0.16179800033569336 0.15590299665927887 0.15536600351333618 
0.16541899740695953 0.15943199396133423 0.15889200568199158 
0.16881200671195984 0.16326099634170532 0.16259199380874634 
0.1729229986667633 0.1665630042552948 0.16579799354076386 
0.17741799354553223 0.17216700315475464 0.1725109964609146 
0.18105599284172058 0.1761610060930252 0.1752229928970337 
0.18448500335216522 0.1799589991569519 0.17880700528621674 
0.18857799470424652 0.18565499782562256 0.18219700455665588 
0.19225099682807922 0.18844200670719147 0.18597400188446045 
0.19604699313640595 0.1919499933719635 0.18984900414943695 
0.20075200498104096 0.19607800245285034 0.19381999969482422 
0.20477500557899475 0.200205996632576 0.19720999896526337 
0.20857100188732147 0.20423099398612976 0.20089100301265717 
0.21240200102329254 0.20825600624084473 0.20544399321079254 
0.21681000292301178 0.21176500618457794 0.20951199531555176 
0.2207449972629547 0.21671800315380097 0.21328899264335632 
0.22489100694656372 0.2208459973335266 0.2174540013074875 
0.22929899394512177 0.22497400641441345 0.22220100462436676 
0.23333899676799774 0.22920499742031098 0.22597800195217133 
0.23827199637889862 0.23364299535751343 0.2305310070514679 
0.24337899684906006 0.24128000438213349 0.236052006483078 
0.24759499728679657 0.24561400711536408 0.24031400680541992 
0.2522999942302704 0.24994799494743347 0.245059996843338 
0.25716298818588257 0.2546960115432739 0.24893499910831452 
0.2612380087375641 0.2590300142765045 0.2538740038871765 
0.2659440040588379 0.263467013835907 0.25804001092910767 
0.2703169882297516 0.2687309980392456 0.26220500469207764 
0.27552899718284607 0.2729620039463043 0.2672410011291504 
0.28026899695396424 0.2776060104370117 0.2721810042858124 
0.28504499793052674 0.28286901116371155 0.2762500047683716 
0.28960999846458435 0.2876160144805908 0.2810930013656616 
0.29426300525665283 0.2926729917526245 0.28574201464653015 
0.29924800992012024 0.2977299988269806 0.29068198800086975 
0.30423301458358765 0.3027859926223755 0.29523399472236634 
0.3118770122528076 0.307327002286911 0.3003680109977722 
0.3150250017642975 0.31279700994491577 0.3055019974708557 
0.32149699330329895 0.319813996553421 0.31199100613594055 
0.32674500346183777 0.3247680068016052 0.31751298904418946 
0.3316420018672943 0.32961800694465637 0.32264599204063416 
0.3375900089740753 0.33498498797416687 0.32778000831604004 
0.3423120081424713 0.3405570089817047 0.3332040011882782 
0.3480849862098694 0.34582000970840454 0.3381440043449402 
0.35245800018310547 0.35087698698043824 0.34356799721717835 
0.35752999782562256 0.3567599952220917 0.34870201349258423 
0.36330199241638184 0.3620229959487915 0.3541260063648224 
0.3690750002861023 0.36718299984931946 0.35935699939727783 
0.374671995639801 0.3733749985694885 0.364780992269516 
0.3800939917564392 0.37874099612236023 0.37039899826049805 
0.38656601309776306 0.38400399684906006 0.3758229911327362 
0.3918139934539795 0.3899900019168854 0.38086000084877014 
0.3968859910964966 0.39556199312210083 0.3870590031147003 
0.40335801243782044 0.40113499760627747 0.39228999614715576 
0.4114049971103668 0.41073301434516907 0.40071699023246765 
0.416826993227005 0.41764700412750244 0.40643200278282166 
0.42329901456832886 0.42301300168037415 0.41263100504875183 
0.4281969964504242 0.42899900674819947 0.41853898763656616 
0.4355430006980896 0.43508800864219666 0.42425400018692017 
0.44061601161956787 0.44045400619506836 0.43006598949432373 
0.4462130069732666 0.44623300433158875 0.4364590048789978 
0.4528599977493286 0.4525279998779297 0.44236698746681214 
0.4586319923400879 0.45830801129341126 0.44808200001716614 
0.4649290144443512 0.4646030068397522 0.4542810022830963 
0.4703519940376282 0.47079500555992127 0.4601899981498718 
0.47752299904823303 0.47770899534225464 0.4661949872970581 
0.48346999287605286 0.48379799723625183 0.4725880026817322 
0.4897669851779938 0.4900929927825928 0.4794650077819824 
0.49553999304771424 0.49618199467658997 0.48576098680496216 
0.5018370151519775 0.5030959844589233 0.49167001247406006 
0.5104079842567444 0.5117650032043457 0.5001940131187439 
0.5172290205955505 0.5183690190315247 0.5075550079345703 
0.523002028465271 0.5250769853591919 0.5142390131950378 
0.5305230021476746 0.5314760208129883 0.5208250284194946 
0.536994993686676 0.5384929776191711 0.5268309712409973 
0.5438169836997986 0.5449950098991394 0.533610999584198 
0.5501139760017395 0.5510839819908142 0.5402939915657044 
0.5572850108146668 0.5581009984016419 0.5469779968261719 
0.5634070038795471 0.564499020576477 0.5538550019264221 
0.5705789923667908 0.5714139938354492 0.5604419708251953 
0.5772259831428528 0.5782250165939331 0.5676090121269226 
0.58439701795578 0.5850359797477722 0.574679970741272 
0.5922690033912659 0.5912280082702637 0.5812669992446899 
0.5987409949302673 0.5987619757652283 0.5882409811019898 
0.6052129864692688 0.6054700016975403 0.5954089760780335 
0.612384021282196 0.6121780276298523 0.6026729941368103 
0.6206049919128418 0.6240450143814087 0.6116819977760315 
0.627951979637146 0.6305469870567322 0.6191400289535523 
0.6361730098724365 0.6376680135726929 0.6262109875679016 
0.6428200006484985 0.6450979709625244 0.6341530084609985 
0.6496409773826599 0.6522189974784851 0.6406430006027222 
0.6575130224227905 0.6588240265846252 0.647616982460022 
0.664683997631073 0.6668729782104492 0.655754029750824 
0.6716809868812561 0.6743029952049255 0.663017988204956 
0.6802520155906677 0.681734025478363 0.6698949933052063 
0.6861990094184876 0.6888539791107178 0.6782249808311462 
0.6944199800491333 0.6959750056266785 0.6850060224533081 
0.7017670273780823 0.703199028968811 0.6922699809074402 
0.7101629972457886 0.7107329964637756 0.7006009817123413 
0.7171589732170105 0.7180600166320801 0.7084460258483887 
0.7243310213088989 0.7259029746055603 0.7153239846229553 
0.7322019934654236 0.7342619895935059 0.7234600186347961 
0.7433969974517822 0.7446849942207336 0.7345020174980164 
0.7509179711341858 0.7516000270843506 0.7431229948997498 
0.7591390013694763 0.7590299844741821 0.7512590289115906 
0.7671859860420227 0.7671830058097839 0.7589110136032105 
0.7748820185661316 0.7745100259780884 0.7673379778862 
0.7829279899597168 0.7824559807777405 0.7747970223426819 
0.7904499769210815 0.7900930047035217 0.782738983631134 
0.7984960079193115 0.7983490228652954 0.7908759713172913 
0.8081160187721252 0.8051599860191345 0.7985280156135559 
0.8138880133628845 0.8143450021743774 0.8070520162582398 
0.8226339817047119 0.8212590217590332 0.8152850270271301 
0.8308550119400024 0.8292049765586853 0.8243899941444397 
0.8396009802818298 0.8379769921302795 0.8316540122032166 
0.8472980260848999 0.845304012298584 0.8408560156822205 
0.8556939959526062 0.8527349829673767 0.8495740294456482 
0.8639150261878967 0.8616099953651428 0.8569350242614746 
0.8740599751472473 0.8746129870414734 0.8660399913787842 
0.8815810084342957 0.881837010383606 0.8734989762306213 
0.891726016998291 0.8898860216140747 0.8825070261955261 
0.8990730047225952 0.8993809819221497 0.8912240266799927 
0.9071189761161804 0.9071210026741028 0.9001359939575195 
0.9148150086402893 0.9147570133209229 0.9087560176849365 
0.9244359731674194 0.9233229756355286 0.9176679849624634 
0.9335319995880127 0.9321979880332947 0.926190972328186 
0.9410529732704163 0.9406599998474121 0.9345219731330872 
0.9497990012168884 0.9475749731063843 0.9440140128135681 
0.9581949710845947 0.9568629860877991 0.9529250264167786 
0.9674649834632874 0.9644989967346191 0.9619330167770386 
0.9755120277404785 0.9735810160636902 0.969681978225708 
0.9847819805145264 0.9816309809684753 0.9799500107765198 
0.9947519898414612 0.9900929927825928 0.9878919720649719 
1.0 0.9981420040130615 0.9973850250244141 
